%YAML:1.0
---
image_width: 1920
image_height: 1200
camera_matrix: !!opencv-matrix
   rows: 3
   cols: 3
   dt: f
   data: [ 2.1421339441621294e+03, 0., 1.0023255121210714e+03, 0., 2.1454671231983511e+03, 5.8194689020159205e+02, 0., 0., 1. ]
distortion_coefficients: !!opencv-matrix
   rows: 1
   cols: 5
   dt: f
   data: [ -1.9775652701574477e-02, -7.4457910153644252e-02, 7.3270012061200864e-04, 3.2844589119313313e-03, 1.2552634421460869e+00]
